78.5583
82.5572
33.728
74.3357
82.0179
80.242
82.3862
34.4909
34.8198
77.7822
33.728
82.2547
33.728
33.728
82.5441
82.11
82.2152
33.728
34.8198
78.6372
82.1889
34.4909
33.728
82.6493
33.728
33.728
33.728
33.728
33.728
33.728
81.6364
82.3073
33.728
82.3336
34.4909
33.728
33.728
33.728
33.728
33.728
33.728
82.0968
82.4125
33.728
81.8337
82.1889
33.728
33.728
81.7943
34.4909
81.4391
33.728
33.728
33.728
34.8198
34.4909
33.728
33.728
82.3994
33.728
33.728
33.728
78.9661
79.729
34.4909
70.1
82.0837
34.4909
74.3094
33.728
82.2547
34.4909
33.728
33.728
34.4909
33.728
82.4388
34.4909
33.728
70.4025
34.4909
82.3468
78.3478
34.4909
81.8337
33.728
78.703
70.4288
33.728
33.728
77.7427
33.728
79.2949
33.728
33.728
34.8198
78.5188
33.728
33.728
34.4909

Generacion: 1
33.728
33.728
33.728
33.728
33.728
33.728
33.728
33.728
33.728
33.728
33.728
33.728
33.728
33.728
33.728
